Node no.	1	2	3	4	5	6	7	8	9	10	11	12	13	14	15	16	17	18	19	20	21	22	23	24	25	26	27	28	29	30	31	32	33	34	35	36	37	38	39	40
1	0	33.52551729	26.54805347	19.97750235	16.28066676	11.30410168	6.96660119	8.516408613	5.174978291	3.709390383	2.202573405	5.641522523	9.70174285	8.815080553	14.45204959	14.72579831	15.3734104	19.37181912	10.01535375	27.60362519	33.73031572	29.82974463	19.53836555	14.65236763	10.84714405	11.46599488	14.14149651	6.397729804	21.25190075	13.86783205	7.244028345	10.02204135	13.32786483	12.58626843	12.95146241	17.74771364	17.72224038	21.53837516	30.11860544	25.88828608
2	33.52551729	0	7.466655796	15.37197912	18.51700308	25.23478103	26.79228665	27.98152411	28.58708317	31.76575115	35.37279194	35.53858905	36.14173992	35.72771944	44.72549518	41.61890084	44.89221991	49.93967374	40.54806288	54.86358511	7.647714026	4.462296207	14.48338738	20.13221192	23.50021761	22.54278799	20.46830441	29.08779543	18.94042492	41.43766537	39.82767007	35.37056451	38.37111935	44.93050953	41.78803325	44.64828684	46.22566105	48.79833508	57.36042061	55.07110655
3	26.54805347	7.466655796	0	13.60104868	11.53953927	21.82036995	19.81482284	23.47165858	21.60961935	25.20174947	28.39532813	29.40113728	32.89150114	28.75025563	39.26714397	34.64143703	37.9147561	42.96220992	33.57059906	47.8861213	13.721205	6.575621741	7.505923573	13.15474811	16.5227538	17.05989507	17.44577893	24.17254548	18.53608702	37.50248793	32.85020625	28.3931007	31.39365553	37.95304572	34.81056944	37.67082302	39.24819724	41.82087127	50.3829568	48.09364274
4	19.97750235	15.37197912	13.60104868	0	8.212769742	11.23491421	15.19376684	13.98165729	15.65049105	17.74769166	21.47740895	21.52052956	22.1418731	23.92793385	30.72562836	29.81911525	33.09243432	38.13988814	28.74827728	43.06379952	15.106733	11.20616191	6.929800312	9.579089416	11.91773086	8.515213539	6.468437584	15.06973595	6.193014066	27.43779855	26.95874855	23.57077892	26.57133375	32.30098864	29.98824766	32.84850124	34.42587546	36.99854949	45.56063502	43.27132096
5	16.28066676	18.51700308	11.53953927	8.212769742	0	11.98371074	9.547436123	13.63499937	11.3359887	14.87122984	18.06480849	19.07061765	22.66960476	18.48286892	28.93662433	24.37405031	27.64736939	32.69482321	23.30321235	37.61873459	22.49977537	17.55042006	4.436268138	1.957047517	5.875985312	7.217644996	7.994910047	14.33588627	12.29569787	27.1719683	22.58281954	18.12571398	21.12626882	27.68565901	24.54318273	27.40343631	28.98081053	31.55348456	40.11557009	37.82625602
6	11.30410168	25.23478103	21.82036995	11.23491421	11.98371074	0	9.482480561	2.987984179	8.660960227	8.312051989	11.92421	11.04770895	12.22536147	17.47342432	20.80911673	23.36460572	25.5197571	29.51816582	20.16170045	36.60928999	24.96953492	21.06896383	14.48474519	10.92199459	8.953463356	4.994202046	4.833613824	5.09440671	12.46077756	17.52128691	17.39037505	17.11626939	20.11682422	22.73261514	23.09780911	26.39399171	27.86858709	30.54403996	39.10612549	36.03463278
7	6.96660119	26.79228665	19.81482284	15.19376684	9.547436123	9.482480561	0	9.459695914	2.045666426	7.664666017	9.169174595	11.86072375	15.47516526	9.258323775	21.18273254	15.14950517	18.42282424	23.47027807	14.07866721	28.39418944	29.69740368	25.79683258	12.81717223	7.919136996	4.195785523	7.421508536	10.29001881	8.319402231	17.21898871	19.9620744	13.3582744	8.901168841	11.90172368	18.46111386	15.31863758	18.17889117	19.75626538	22.32893941	30.89102494	28.60171088
8	8.516408613	27.98152411	23.47165858	13.98165729	13.63499937	2.987984179	9.459695914	0	8.423691872	5.476652013	8.955205115	8.088659222	9.89057374	15.99242237	18.3991916	21.90314013	22.55075222	26.54916094	17.19269557	34.78096701	27.716278	23.81570691	16.13603382	12.49197276	9.427559889	6.645490676	7.580356904	2.11867881	15.20752064	15.15302857	14.42137016	16.61653988	19.61709472	19.76361025	20.12880423	24.92505546	24.8995822	28.71571698	37.29594726	33.0656279
9	5.174978291	28.58708317	21.60961935	15.65049105	11.3359887	8.660960227	2.045666426	8.423691872	0	6.353827015	7.377551697	10.28632303	14.16432626	8.871613494	19.39110964	14.76279489	18.03611396	23.08356779	13.69195693	28.00747916	29.54555109	25.64497999	14.46714016	9.707689573	5.775918663	7.281230248	10.13816622	7.008563229	17.06713612	18.51263256	11.79962936	8.514458561	11.5150134	17.14186945	14.9319273	17.79218089	19.3695551	21.94222913	30.50431466	28.2150006
10	3.709390383	31.76575115	25.20174947	17.74769166	14.87122984	8.312051989	7.664666017	5.476652013	6.353827015	0	3.955877772	4.37716129	8.04734271	11.1204314	14.24980797	17.03114916	17.67876125	21.67716996	12.3207046	29.90897603	31.50050503	27.59993394	17.86612472	13.25823554	9.506298047	9.750114842	11.58088788	3.40568011	19.02209006	12.47851194	9.549379193	12.3273922	15.63321568	14.89161928	15.25681326	20.05306449	20.02759123	23.843726	32.42395629	28.19363693
11	2.202573405	35.37279194	28.39532813	21.47740895	18.06480849	11.92421	9.169174595	8.955205115	7.377551697	3.955877772	0	4.340894797	8.66126862	7.859696181	12.62678938	13.77041394	14.41802603	18.41643475	9.059969378	26.64824081	35.23022233	31.32965123	21.05970337	16.45181419	12.69979605	12.96590149	15.42366544	7.248457676	22.75180735	12.38413788	6.288643973	9.066656981	12.37248046	11.63088406	11.99607804	16.79232927	16.76685601	20.58299078	29.16322107	24.93290171
12	5.641522523	35.53858905	29.40113728	21.52052956	19.07061765	11.04770895	11.86072375	8.088659222	10.28632303	4.37716129	4.340894797	0	4.429557986	9.820486746	10.31384696	15.72298831	16.36288942	20.36129814	11.00483278	28.60081519	35.27334294	31.37277184	22.06551253	17.45762335	13.70560521	13.79717119	15.32484578	6.680424968	22.79492796	8.308017471	8.233507371	11.02744755	14.33327102	13.12721779	13.94094143	18.74490365	18.71171941	22.53556516	31.11579544	26.8777651
13	9.70174285	36.14173992	32.89150114	22.1418731	22.66960476	12.22536147	15.47516526	9.89057374	14.16432626	8.04734271	8.66126862	4.429557986	0	13.81792934	12.3881671	19.7204309	20.36033201	22.73188116	15.00227537	32.59825778	35.87115191	31.97592271	25.55587638	21.05661046	17.30467297	16.06533324	15.74057271	8.724533335	23.34858948	6.017968201	12.23094996	15.02489014	18.33071361	15.22951887	17.93838402	22.74234624	22.709162	26.53300775	35.11323803	30.76197022
14	8.815080553	35.72771944	28.75025563	23.92793385	18.48286892	17.47342432	9.258323775	15.99242237	8.871613494	11.1204314	7.859696181	9.820486746	13.81792934	0	14.60057752	8.463106586	11.14813	15.14653871	5.779653423	21.65378239	38.11830948	34.21773839	21.75260502	16.85456979	13.37556258	15.84241434	18.71092462	14.45467648	25.63989451	16.39042261	5.009329189	2.138478646	5.215878544	10.13737451	8.567653329	11.49249258	13.00536886	15.58853236	24.16498449	21.62925945
15	14.45204959	44.72549518	39.26714397	30.72562836	28.93662433	20.80911673	21.18273254	18.3991916	19.39110964	14.24980797	12.62678938	10.31384696	12.3881671	14.60057752	0	18.66789915	13.49858907	15.65883822	13.11683956	28.55795253	44.46024907	40.55967797	31.93151921	27.32363003	23.5716119	23.82726364	24.32432797	16.99095734	31.94435847	11.82960169	11.08488983	15.35357043	18.6593939	8.427205317	14.36021275	20.07679649	17.14389872	23.62527317	31.43222333	23.68425153
16	14.72579831	41.61890084	34.64143703	29.81911525	24.37405031	23.36460572	15.14950517	21.90314013	14.76279489	17.03114916	13.77041394	15.72298831	19.7204309	8.463106586	18.66789915	0	6.082177453	11.48107125	6.027583452	13.89085202	44.00949088	40.10891978	27.64378642	22.74575119	19.26674397	21.73359573	24.60210601	20.36539424	31.53107591	22.28454233	8.746434448	6.385299845	3.814666169	10.50795931	4.426813634	3.352002921	6.73555666	7.83473073	16.38474034	15.89985785
17	15.3734104	44.89221991	37.9147561	33.09243432	27.64736939	25.5197571	18.42282424	22.55075222	18.03611396	17.67876125	14.41802603	16.36288942	20.36033201	11.14813	13.49858907	6.082177453	0	6.144401708	5.431142328	15.89028895	47.28280995	43.38223886	30.91710549	26.01907026	22.54006305	25.00691481	27.87542508	21.01300633	34.80439498	19.91620202	8.518503674	9.533361344	8.874548131	6.346534805	3.106133897	7.477125957	3.709832923	10.54731221	18.76455975	11.33475029
18	19.37181912	49.93967374	42.96220992	38.13988814	32.69482321	29.51816582	23.47027807	26.54916094	23.08356779	21.67716996	18.41643475	20.36129814	22.73188116	15.14653871	15.65883822	11.48107125	6.144401708	0	9.914483717	14.59362212	52.33026377	48.42969268	35.96455931	31.06652408	27.58751687	30.05436863	32.92287891	25.01141504	39.8518488	22.17331575	12.48205782	14.61810688	14.28154062	9.334850801	8.359619419	12.06444844	6.345280992	11.74622212	17.46789292	8.510136264
19	10.01535375	40.54806288	33.57059906	28.74827728	23.30321235	20.16170045	14.07866721	17.19269557	13.69195693	12.3207046	9.059969378	11.00483278	15.00227537	5.779653423	13.11683956	6.027583452	5.431142328	9.914483717	0	18.39349301	42.93865291	39.03808182	26.57294845	21.67491322	18.19590601	20.66275777	23.53126805	15.65494968	30.46023794	16.98267507	3.233588773	5.188662926	6.701994679	5.2140692	3.03520818	8.744110483	7.805986156	12.32824298	20.90847326	15.97203185
20	27.60362519	54.86358511	47.8861213	43.06379952	37.61873459	36.60928999	28.39418944	34.78096701	28.00747916	29.90897603	26.64824081	28.60081519	32.59825778	21.65378239	28.55795253	13.89085202	15.89028895	14.59362212	18.39349301	0	57.25417515	53.35360406	40.88847069	35.99043546	32.51142825	34.97828001	37.84679028	33.24322111	44.77576018	34.92912633	21.52449948	19.51530374	16.86629998	21.56157962	16.44384166	10.8358979	12.85109089	7.702602817	3.798683657	9.332395522
21	33.73031572	7.647714026	13.721205	15.106733	22.49977537	24.96953492	29.69740368	27.716278	29.54555109	31.50050503	35.23022233	35.27334294	35.87115191	38.11830948	44.46024907	44.00949088	47.28280995	52.33026377	42.93865291	57.25417515	0	7.667241096	19.7904625	23.86609504	26.61382668	22.27754188	20.2030583	28.82254932	18.66430122	41.16833354	40.71156192	37.76115455	40.76170938	46.05380201	44.17862329	47.03887687	48.61625109	51.18892512	59.75101065	57.46169659
22	29.82974463	4.462296207	6.575621741	11.20616191	17.55042006	21.06896383	25.79683258	23.81570691	25.64497999	27.59993394	31.32965123	31.37277184	31.97592271	34.21773839	40.55967797	40.10891978	43.38223886	48.42969268	39.03808182	53.35360406	7.667241096	0	13.51680437	19.1656289	22.53363459	18.37697079	16.3024872	24.92197823	14.77460771	37.27184816	36.81099083	33.86058345	36.86113829	42.15323091	40.27805219	43.13830578	44.71567999	47.28835403	55.85043955	53.56112549
23	19.53836555	14.48338738	7.505923573	6.929800312	4.436268138	14.48474519	12.81717223	16.13603382	14.46714016	17.86612472	21.05970337	22.06551253	25.55587638	21.75260502	31.93151921	27.64378642	30.91710549	35.96455931	26.57294845	40.88847069	19.7904625	13.51680437	0	5.819123357	9.187129046	9.724270318	10.21850065	16.83692072	11.86483865	30.16686318	25.85255565	21.39545009	24.39600493	30.95539511	27.81291883	30.67317241	32.25054663	34.82322066	43.38530619	41.09599213
24	14.65236763	20.13221192	13.15474811	9.579089416	1.957047517	10.92199459	7.919136996	12.49197276	9.707689573	13.25823554	16.45181419	17.45762335	21.05661046	16.85456979	27.32363003	22.74575119	26.01907026	31.06652408	21.67491322	35.99043546	23.86609504	19.1656289	5.819123357	0	4.213225708	6.154876399	7.338562769	12.76018993	13.25541225	25.558974	20.95452041	16.49741486	19.49796969	26.05735988	22.9148836	25.77513718	27.3525114	29.92518543	38.48727096	36.1979569
25	10.84714405	23.50021761	16.5227538	11.91773086	5.875985312	8.953463356	4.195785523	9.427559889	5.775918663	9.506298047	12.69979605	13.70560521	17.30467297	13.37556258	23.5716119	19.26674397	22.54006305	27.58751687	18.19590601	32.51142825	26.61382668	22.53363459	9.187129046	4.213225708	0	4.996568846	7.712444171	9.399316384	14.49885338	21.80695586	17.47179512	13.01840764	16.01896248	22.57835267	19.43587639	22.29612997	23.87350419	26.44617822	35.00826374	32.71894968
26	11.46599488	22.54278799	17.05989507	8.515213539	7.217644996	4.994202046	7.421508536	6.645490676	7.281230248	9.750114842	12.96590149	13.79717119	16.06533324	15.84241434	23.82726364	21.73359573	25.00691481	30.05436863	20.66275777	34.97828001	22.27754188	18.37697079	9.724270318	6.154876399	4.996568846	0	2.878072614	7.346377579	9.803545331	21.23242773	18.44724108	15.4852594	18.48581424	23.78948117	21.90272815	24.76298173	26.34035595	28.91302998	37.4751155	35.18580144
27	14.14149651	20.46830441	17.44577893	6.468437584	7.994910047	4.833613824	10.29001881	7.580356904	10.13816622	11.58088788	15.42366544	15.32484578	15.74057271	18.71092462	24.32432797	24.60210601	27.87542508	32.92287891	23.53126805	37.84679028	20.2030583	16.3024872	10.21850065	7.338562769	7.712444171	2.878072614	0	8.902932164	7.694300931	21.03649816	21.0854479	18.35376968	21.35432452	26.42768799	24.77123842	27.63149201	29.20886622	31.78154025	40.34362578	38.05431172
28	6.397729804	29.08779543	24.17254548	15.06973595	14.33588627	5.09440671	8.319402231	2.11867881	7.008563229	3.40568011	7.248457676	6.680424968	8.724533335	14.45467648	16.99095734	20.36539424	21.01300633	25.01141504	15.65494968	33.24322111	28.82254932	24.92197823	16.83692072	12.76018993	9.399316384	7.346377579	8.902932164	0	16.34413435	13.98698817	12.88362427	15.19665284	18.19720767	18.22586436	18.59105834	23.38730957	23.36183631	27.17797108	35.75820137	31.52788201
29	21.25190075	18.94042492	18.53608702	6.193014066	12.29569787	12.46077756	17.21898871	15.20752064	17.06713612	19.02209006	22.75180735	22.79492796	23.34858948	25.63989451	31.94435847	31.53107591	34.80439498	39.8518488	30.46023794	44.77576018	18.66430122	14.77460771	11.86483865	13.25541225	14.49885338	9.803545331	7.694300931	16.34413435	0	28.64577111	28.23314695	25.28273958	28.28329441	33.57538704	31.70020832	34.5604619	36.13783612	38.71051015	47.27259568	44.98328162
30	13.86783205	41.43766537	37.50248793	27.43779855	27.1719683	17.52128691	19.9620744	15.15302857	18.51263256	12.47851194	12.38413788	8.308017471	6.017968201	16.39042261	11.82960169	22.28454233	19.91620202	22.17331575	16.98267507	34.92912633	41.16833354	37.27184816	30.16686318	25.558974	21.80695586	21.23242773	21.03649816	13.98698817	28.64577111	0	14.79506139	17.59738341	20.90320689	14.67095347	19.29161325	25.2797438	23.56151167	28.8638763	37.44410658	30.20340481
31	7.244028345	39.82767007	32.85020625	26.95874855	22.58281954	17.39037505	13.3582744	14.42137016	11.79962936	9.549379193	6.288643973	8.233507371	12.23094996	5.009329189	11.08488983	8.746434448	8.518503674	12.48205782	3.233588773	21.52449948	40.71156192	36.81099083	25.85255565	20.95452041	17.47179512	18.44724108	21.0854479	12.88362427	28.23314695	14.79506139	0	5.038471029	8.344294504	5.887142469	6.268796953	11.76834978	11.03957493	15.45924945	24.03947973	19.20562062
32	10.02204135	35.37056451	28.3931007	23.57077892	18.12571398	17.11626939	8.901168841	16.61653988	8.514458561	12.3273922	9.066656981	11.02744755	15.02489014	2.138478646	15.35357043	6.385299845	9.533361344	14.61810688	5.188662926	19.51530374	37.76115455	33.86058345	21.39545009	16.49741486	13.01840764	15.4852594	18.35376968	15.19665284	25.28273958	17.59738341	5.038471029	0	3.492329676	9.65871432	6.429174683	9.414685841	10.86689022	13.45005371	22.02650585	19.71224798
33	13.32786483	38.37111935	31.39365553	26.57133375	21.12626882	20.11682422	11.90172368	19.61709472	11.5150134	15.63321568	12.37248046	14.33327102	18.33071361	5.215878544	18.6593939	3.814666169	8.874548131	14.28154062	6.701994679	16.86629998	40.76170938	36.86113829	24.39600493	19.49796969	16.01896248	18.48581424	21.35432452	18.19720767	28.28329441	20.90320689	8.344294504	3.492329676	0	11.56726175	6.494905636	6.298859193	9.550731392	10.9475962	19.35879158	18.71503258
34	12.58626843	44.93050953	37.95304572	32.30098864	27.68565901	22.73261514	18.46111386	19.76361025	17.14186945	14.89161928	11.63088406	13.12721779	15.22951887	10.13737451	8.427205317	10.50795931	6.346534805	9.334850801	5.2140692	21.56157962	46.05380201	42.15323091	30.95539511	26.05735988	22.57835267	23.78948117	26.42768799	18.22586436	33.57538704	14.67095347	5.887142469	9.65871432	11.56726175	0	6.329565863	12.87560482	9.991844455	16.45826122	24.43585042	16.9707632
35	12.95146241	41.78803325	34.81056944	29.98824766	24.54318273	23.09780911	15.31863758	20.12880423	14.9319273	15.25681326	11.99607804	13.94094143	17.93838402	8.567653329	14.36021275	4.426813634	3.106133897	8.359619419	3.03520818	16.44384166	44.17862329	40.27805219	27.81291883	22.9148836	19.43587639	21.90272815	24.77123842	18.59105834	31.70020832	19.29161325	6.268796953	6.429174683	6.494905636	6.329565863	0	6.794459137	5.164729506	10.37859163	18.95882192	13.35495534
36	17.74771364	44.64828684	37.67082302	32.84850124	27.40343631	26.39399171	18.17889117	24.92505546	17.79218089	20.05306449	16.79232927	18.74490365	22.74234624	11.49249258	20.07679649	3.352002921	7.477125957	12.06444844	8.744110483	10.8358979	47.03887687	43.13830578	30.67317241	25.77513718	22.29612997	24.76298173	27.63149201	23.38730957	34.5604619	25.2797438	11.76834978	9.414685841	6.298859193	12.87560482	6.794459137	0	6.323306703	4.800146796	13.32978622	14.25298539
37	17.72224038	46.22566105	39.24819724	34.42587546	28.98081053	27.86858709	19.75626538	24.8995822	19.3695551	20.02759123	16.76685601	18.71171941	22.709162	13.00536886	17.14389872	6.73555666	3.709832923	6.345280992	7.805986156	12.85109089	48.61625109	44.71567999	32.25054663	27.3525114	23.87350419	26.34035595	29.20886622	23.36183631	36.13783612	23.56151167	11.03957493	10.86689022	9.550731392	9.991844455	5.164729506	6.323306703	0	6.860820497	15.72536169	9.532931898
38	21.53837516	48.79833508	41.82087127	36.99854949	31.55348456	30.54403996	22.32893941	28.71571698	21.94222913	23.843726	20.58299078	22.53556516	26.53300775	15.58853236	23.62527317	7.83473073	10.54731221	11.74622212	12.32824298	7.702602817	51.18892512	47.28835403	34.82322066	29.92518543	26.44617822	28.91302998	31.78154025	27.17797108	38.71051015	28.8638763	15.45924945	13.45005371	10.9475962	16.45826122	10.37859163	4.800146796	6.860820497	0	10.21758307	11.05299661
39	30.11860544	57.36042061	50.3829568	45.56063502	40.11557009	39.10612549	30.89102494	37.29594726	30.50431466	32.42395629	29.16322107	31.11579544	35.11323803	24.16498449	31.43222333	16.38474034	18.76455975	17.46789292	20.90847326	3.798683657	59.75101065	55.85043955	43.38530619	38.48727096	35.00826374	37.4751155	40.34362578	35.75820137	47.27259568	37.44410658	24.03947973	22.02650585	19.35879158	24.43585042	18.95882192	13.32978622	15.72536169	10.21758307	0	11.85697224
40	25.88828608	55.07110655	48.09364274	43.27132096	37.82625602	36.03463278	28.60171088	33.0656279	28.2150006	28.19363693	24.93290171	26.8777651	30.76197022	21.62925945	23.68425153	15.89985785	11.33475029	8.510136264	15.97203185	9.332395522	57.46169659	53.56112549	41.09599213	36.1979569	32.71894968	35.18580144	38.05431172	31.52788201	44.98328162	30.20340481	19.20562062	19.71224798	18.71503258	16.9707632	13.35495534	14.25298539	9.532931898	11.05299661	11.85697224	0
